199 52
111 22
301 206
365 315
93 285
208 127
134 284
146 201
120 144
7 141
89 38
305 208
303 47
318 181
77 357
266 302
241 357
219 388
366 174
387 325
39 317
322 372
397 183
186 125
291 338
111 186
104 25
50 52
103 91
334 13
234 212
7 350
369 10
154 295
101 61
119 304
186 1
357 319
241 90
291 54
5 351
290 367
55 185
71 204
229 73
150 52
179 86
221 320
80 107
14 159
361 90
196 346
201 296
8 95
262 3
294 196
266 311
84 398
365 284
93 281
241 101
202 176
178 325
127 49
349 392
50 58
91 304
154 386
393 343
144 251
391 364
138 184
297 20
63 302
95 295
306 304
238 334
347 210
200 315
164 388
201 77
68 78
323 252
89 168
198 369
322 6
73 104
34 202
201 98
377 115
334 77
232 167
51 128
395 188
175 156
365 146
86 18
236 389
115 315
273 295
