118 64
158 66
157 53
67 39
251 305
74 1
132 20
90 58
399 8
165 82
141 351
144 131
282 16
341 355
398 332
52 45
161 307
40 171
270 361
399 323
0 38
354 124
217 245
288 205
143 258
227 227
371 5
129 100
397 55
30 165
92 258
206 348
364 80
186 113
313 48
29 303
298 228
178 300
272 81
90 8
321 59
143 345
156 173
125 192
300 383
156 165
286 353
348 335
57 28
303 37
134 114
78 269
272 40
53 340
193 383
190 72
157 174
104 170
216 349
169 233
128 281
148 89
91 316
50 237
67 130
244 274
337 163
252 353
232 18
124 159
275 347
160 345
329 142
140 94
398 43
289 270
28 302
56 321
302 13
219 70
69 123
376 283
142 225
143 206
145 125
123 322
340 297
58 212
166 392
351 256
116 308
364 202
262 326
191 331
349 2
229 199
304 87
196 233
388 256
176 382
355 84
211 203
274 317
144 398
343 315
74 379
340 141
126 190
277 163
247 308
351 182
261 77
72 69
111 275
303 240
56 63
117 75
152 66
355 341
290 54
117 296
118 328
313 297
227 25
30 55
394 267
59 167
163 306
323 259
293 110
225 24
135 125
323 287
135 67
202 388
45 266
282 226
6 204
165 139
310 33
398 104
200 87
101 267
382 367
214 209
47 65
385 301
64 16
194 216
8 298
260 108
192 151
342 382
150 203
334 372
212 374
156 205
346 286
186 313
16 367
140 305
276 235
116 133
375 73
349 257
361 380
52 142
17 133
210 71
246 65
220 101
266 10
29 187
391 173
316 84
50 386
80 193
21 319
295 267
332 141
237 96
200 86
219 370
46 392
295 137
242 3
96 198
244 53
90 276
18 46
287 108
182 363
370 0
362 305
291 184
274 367
190 238
334 381
145 382
78 57
