341 260
75 327
120 349
285 57
290 191
115 144
79 37
46 73
67 2
42 303
278 361
53 128
237 352
88 279
219 107
195 89
218 111
121 130
36 46
315 48
193 166
378 146
37 52
281 260
224 219
71 331
121 155
219 11
353 274
354 250
85 16
124 231
260 257
378 69
126 36
351 346
181 306
118 74
23 201
175 100
224 13
106 102
391 125
43 368
309 117
271 94
393 109
137 304
142 103
13 265
189 33
349 75
394 220
326 167
304 233
65 197
227 311
249 169
228 57
287 7
81 121
276 198
257 250
62 278
167 120
132 310
279 85
113 348
205 270
44 21
159 397
10 150
223 82
262 96
392 214
164 24
103 30
173 10
295 282
239 399
347 177
41 31
184 294
87 306
156 128
332 315
258 148
232 53
228 197
372 166
228 244
35 215
381 210
384 72
346 209
318 212
164 320
339 86
35 326
108 301
1 128
134 321
363 75
51 145
48 130
208 176
204 305
307 388
68 198
35 264
265 224
210 140
191 183
236 107
297 198
306 208
87 250
189 191
265 6
1 301
280 9
305 85
131 148
341 315
230 281
179 115
200 256
335 211
189 218
14 213
297 123
230 163
337 374
258 68
155 56
60 184
200 283
306 252
47 64
272 232
302 258
325 309
338 17
148 197
371 252
190 349
294 101
238 382
230 11
125 379
153 272
8 384
300 382
54 68
191 349
257 323
133 304
23 5
93 286
50 397
204 80
305 380
33 22
167 126
37 360
331 289
103 71
214 306
248 307
122 8
149 355
98 354
19 155
316 51
313 379
356 204
385 46
107 53
259 269
371 205
170 261
150 351
137 162
170 222
149 178
83 195
369 306
264 143
118 15
170 110
202 99
288 240
270 234
22 384
269 168
188 264
387 128
237 382
36 69
243 233
251 155
168 224
109 177
273 292
272 190
132 91
250 249
97 273
363 197
201 228
318 141
188 257
278 394
278 329
205 106
134 387
388 37
397 392
34 50
66 365
196 115
167 184
337 22
209 234
84 191
378 49
248 27
170 146
224 98
336 31
182 186
8 104
383 387
75 214
175 202
291 139
398 109
83 217
326 190
9 315
175 360
224 53
149 289
391 305
186 73
207 55
320 188
368 288
239 332
105 244
357 382
156 38
305 197
334 312
176 107
209 162
212 72
284 208
335 359
86 8
45 204
147 224
106 312
383 167
159 321
195 353
171 329
324 332
280 14
136 119
154 78
270 97
249 224
258 109
58 161
341 32
67 15
299 90
252 72
342 16
130 23
265 97
209 277
224 353
397 158
299 89
282 204
169 23
266 172
164 224
326 151
216 359
241 376
354 150
211 166
122 86
186 120
309 160
84 361
58 188
108 205
13 2
249 38
169 7
65 349
61 342
220 337
81 60
29 293
39 212
374 266
258 27
58 177
353 330
40 90
109 199
113 96
156 397
31 94
272 328
22 3
26 14
188 184
83 226
99 82
142 121
95 129
310 216
390 127
169 347
134 66
115 223
318 127
34 162
128 38
217 86
339 105
57 268
174 18
61 98
42 128
58 279
90 255
163 165
342 219
161 129
43 357
210 150
140 222
333 166
120 340
285 195
383 321
179 150
0 361
358 273
360 98
98 319
60 221
189 399
325 387
38 31
398 301
97 183
121 72
232 262
117 360
311 379
268 150
21 239
78 56
383 159
15 263
304 145
228 329
200 350
131 332
150 311
388 187
244 347
188 0
1 122
225 398
117 255
214 379
181 124
321 293
316 30
107 135
48 2
32 278
38 14
236 199
178 62
386 137
30 363
271 325
284 258
126 163
30 185
