99 272
164 227
59 300
121 245
201 110
39 254
281 128
32 326
389 19
0 340
138 167
309 398
175 334
304 224
78 8
384 148
139 285
147 279
219 101
252 167
246 322
193 394
124 385
114 84
74 177
183 330
41 40
268 47
381 2
319 92
126 16
76 355
42 361
342 111
371 135
266 39
67 300
115 387
327 115
287 24
35 83
233 278
311 83
364 104
262 145
58 207
287 10
331 298
241 151
229 25
220 388
116 296
264 42
74 304
272 220
77 240
38 120
243 284
84 2
340 189
161 194
163 28
216 355
66 83
11 68
373 107
55 148
92 278
304 164
10 158
95 377
280 47
82 157
217 259
395 161
324 247
172 22
298 98
292 316
124 6
198 342
337 311
323 396
23 144
116 328
37 98
111 342
134 221
246 29
116 325
257 86
100 229
103 175
55 193
254 262
213 90
103 208
276 394
216 381
0 270
127 207
95 139
339 206
101 33
161 378
242 1
304 156
387 225
104 89
137 8
233 129
154 148
181 253
98 212
241 14
35 43
24 397
37 396
80 233
355 330
334 291
179 84
114 271
367 354
96 303
272 178
271 194
225 306
297 18
211 269
131 150
167 133
195 91
266 162
20 299
47 154
25 370
174 245
380 107
243 298
315 62
82 169
182 296
337 234
329 89
65 265
290 45
265 345
114 39
116 310
323 131
92 209
350 85
50 113
224 74
147 348
91 47
97 106
370 127
145 378
2 284
64 75
75 179
346 93
136 39
28 79
290 227
131 357
153 321
230 46
62 131
14 77
93 97
171 10
172 196
53 159
229 358
234 162
201 387
354 361
31 202
113 122
163 63
110 34
369 390
214 310
176 366
313 228
91 184
292 88
189 333
247 198
39 184
177 239
350 319
244 295
79 112
45 11
94 310
211 149
202 321
50 271
51 38
59 398
389 41
310 225
62 103
22 350
49 196
123 8
75 338
183 49
174 108
294 138
309 87
274 136
261 173
105 204
275 336
338 161
86 348
314 272
390 326
142 66
92 322
257 44
35 203
71 259
71 339
185 375
334 319
239 398
50 167
75 237
387 287
158 255
191 140
64 384
311 145
53 292
296 260
231 61
100 53
152 276
294 343
139 77
92 92
314 363
151 0
253 343
238 66
133 370
135 366
339 300
368 90
335 300
396 59
188 84
26 24
183 268
181 53
121 337
246 311
56 40
132 304
78 162
363 336
284 14
311 60
397 339
312 0
280 274
358 187
299 343
270 116
39 278
52 316
243 327
306 333
52 260
13 366
216 309
41 243
157 327
159 138
259 25
381 254
340 234
255 176
203 204
94 164
10 209
233 57
178 242
91 384
195 162
350 193
218 287
88 25
316 170
56 338
244 153
49 95
148 354
186 58
248 275
50 371
330 181
204 135
207 71
333 385
19 186
314 56
319 121
255 84
296 246
232 340
111 150
15 146
173 13
107 96
230 143
98 154
276 225
281 313
13 70
322 313
85 187
55 68
307 245
397 180
13 38
196 20
128 146
8 71
319 316
27 157
220 289
0 393
42 289
307 102
302 391
178 222
10 328
73 193
249 235
29 343
53 278
243 175
145 24
107 146
196 168
213 390
174 278
129 177
380 228
349 15
287 158
24 127
114 395
265 386
37 103
41 30
154 253
24 357
154 258
312 69
278 17
263 9
218 25
16 351
265 113
77 154
328 15
265 84
29 291
13 393
257 156
154 207
153 61
331 255
258 44
209 287
123 263
259 121
318 174
65 231
188 81
254 58
45 370
237 261
390 359
183 131
148 193
198 25
344 184
289 64
309 304
228 167
8 51
3 324
389 130
274 178
352 99
346 77
114 325
42 357
37 388
267 257
111 101
189 13
139 120
298 196
376 153
359 363
373 286
74 269
323 377
113 40
246 170
338 165
353 396
312 364
358 146
214 343
180 55
173 387
214 18
112 131
112 125
230 18
210 99
108 12
375 55
29 33
135 375
235 327
6 146
84 21
82 346
141 125
317 18
13 309
231 374
155 46
187 301
286 128
112 166
141 14
12 268
284 89
75 242
57 96
204 216
161 366
319 16
13 191
108 393
268 287
272 374
240 47
174 348
254 27
130 131
57 305
313 339
15 10
171 254
146 178
165 183
332 307
144 12
365 205
191 386
154 53
286 306
43 310
326 105
102 194
86 135
73 21
85 179
161 109
206 333
392 332
349 45
261 144
342 156
36 75
148 2
267 120
11 84
203 218
247 20
205 336
251 186
223 320
271 200
35 124
368 47
397 246
311 288
340 133
289 174
263 355
20 328
26 330
303 161
236 200
360 207
156 398
322 297
354 64
63 28
48 296
154 73
271 349
50 197
251 141
35 378
92 314
128 333
332 199
276 18
311 233
259 211
147 129
140 123
178 134
146 324
99 23
258 355
172 255
387 168
130 53
11 383
383 303
64 242
364 102
236 41
215 25
96 127
141 342
53 265
278 329
381 29
315 97
215 349
216 164
171 336
44 156
214 41
107 192
249 264
307 46
173 109
387 329
356 9
101 268
307 269
284 76
385 376
129 197
120 47
186 13
103 56
21 171
251 235
49 188
232 149
102 19
36 196
168 277
198 393
26 198
276 300
325 97
362 217
320 234
364 130
192 297
29 159
269 82
17 98
103 290
12 97
101 347
238 349
92 46
141 257
47 97
201 62
161 103
35 372
82 41
6 38
378 350
162 287
126 59
332 234
164 169
304 87
351 36
199 285
249 86
307 111
40 29
109 387
156 158
194 33
30 67
20 256
0 85
258 307
185 8
65 110
190 199
292 251
324 51
275 31
326 77
190 121
168 69
57 387
392 19
164 142
239 78
374 188
362 94
306 142
266 384
315 193
116 149
237 28
128 394
385 95
87 83
43 305
107 55
2 136
56 290
192 372
240 286
194 309
184 228
262 143
355 360
149 273
52 31
78 95
67 35
367 57
171 190
214 145
397 167
238 123
262 179
48 66
339 53
273 324
59 264
110 67
196 153
363 270
38 45
258 20
110 123
88 298
65 166
284 264
397 356
323 191
0 339
63 58
359 331
35 202
19 281
85 198
197 266
348 36
296 319
304 126
114 20
367 363
221 330
163 64
287 238
354 39
142 55
372 90
269 165
279 26
366 100
149 222
154 251
180 226
304 121
18 269
288 178
221 308
60 131
310 379
101 143
287 241
84 215
264 133
218 337
63 113
76 272
192 9
364 185
13 363
143 334
147 124
360 211
289 115
211 226
347 142
22 9
222 86
301 29
394 97
326 234
115 222
395 247
192 396
135 52
380 43
4 184
187 293
50 67
54 46
64 306
291 87
2 107
19 368
25 147
172 60
207 114
16 359
189 360
23 334
135 325
354 82
9 314
315 229
254 54
371 42
144 258
363 177
146 386
164 302
14 124
62 164
365 366
258 231
94 302
209 195
92 105
67 0
83 80
31 95
88 322
75 225
304 280
236 42
237 247
82 247
22 55
391 184
82 256
249 387
78 171
140 128
245 162
384 247
245 349
359 42
31 288
299 369
128 289
136 261
350 257
375 27
183 355
78 137
275 330
43 380
234 292
381 241
241 190
213 107
158 328
165 53
69 2
318 375
5 166
249 274
76 176
139 224
